69 0 1 2 3 4 5 6 7 8 9 10 11 12 14 15 17 18 19 20 21 24 25 28 29 30 31 32 37 38 39 41 44 46 47 48 50 52 56 57 58 63 64 65 66 72 75 77 79 85 88 98 103 105 113 114 119 120 121 124 126 127 145 166 202 212 233 283 341 4659
64 13 16 22 23 26 27 33 34 35 36 40 43 51 54 55 59 67 70 71 74 76 83 84 86 92 95 96 97 99 100 101 104 112 118 122 129 136 137 139 142 146 148 149 151 160 162 172 181 186 192 195 196 205 218 224 240 265 277 282 362 411 419 470 3227
61 42 49 53 60 61 62 68 69 73 80 81 87 91 106 107 109 110 111 115 116 123 125 131 133 140 143 153 154 155 157 165 169 176 179 180 193 197 201 206 211 217 226 235 242 251 253 262 287 296 312 315 321 340 368 371 378 390 439 447 496 519
65 45 78 82 89 90 93 108 117 128 130 132 134 135 141 147 150 161 164 168 174 178 183 184 189 198 199 210 213 214 222 231 234 241 244 245 246 247 248 255 260 267 268 269 272 279 284 293 298 316 317 344 346 347 349 396 415 426 448 451 480 491 503 511 531 592
66 94 102 138 144 152 158 163 167 170 171 173 177 185 190 194 200 203 204 219 223 225 228 237 239 249 254 259 263 264 270 274 278 285 297 299 302 303 307 324 326 329 342 348 351 364 366 372 374 399 401 423 427 441 442 453 455 467 497 501 516 518 537 547 582 647 2107
60 156 159 175 182 188 191 208 209 215 216 220 221 229 230 232 236 238 243 252 257 258 266 292 300 301 305 310 318 325 335 337 354 355 361 370 381 388 398 410 424 433 438 458 459 464 469 485 486 509 517 556 561 566 573 574 578 624 694 697 7527
73 187 207 227 250 256 261 271 273 281 288 289 290 308 311 313 322 323 331 332 334 339 345 353 356 358 359 367 369 376 379 382 386 406 407 414 418 440 444 449 454 461 463 471 478 481 483 488 495 506 520 542 543 575 579 581 587 607 614 616 617 621 637 638 641 655 696 711 722 819 870 960 1199 7264
69 275 276 280 286 291 294 304 309 319 320 330 338 343 360 363 365 373 380 383 384 387 391 392 394 400 403 412 413 428 430 475 490 492 494 500 505 507 508 512 514 524 535 536 549 562 591 608 622 632 634 640 651 652 661 677 714 717 730 731 764 769 788 796 824 825 845 900 1177 4964
60 295 314 328 336 350 357 375 385 393 397 402 408 409 420 425 431 435 437 452 465 466 468 510 522 527 529 533 538 539 557 559 568 580 583 588 595 599 604 618 631 650 657 668 672 692 695 699 732 737 749 787 806 818 836 849 852 869 969 1766 7414
63 306 352 389 395 404 405 416 421 422 432 434 443 456 472 473 484 521 525 532 545 546 560 564 567 584 585 600 603 611 613 623 633 635 639 645 646 649 658 705 707 708 712 723 725 727 728 735 748 752 754 808 809 814 843 860 936 937 946 950 951 953 973 1289
62 327 333 377 417 429 436 446 457 462 479 489 498 499 513 515 530 541 550 565 569 576 594 609 628 642 643 664 669 673 680 683 693 700 716 733 742 744 755 757 759 761 763 765 767 770 783 821 823 826 856 857 882 889 891 966 977 1001 1027 1071 1154 2254 3143
64 445 450 460 474 476 477 487 502 504 555 571 572 590 597 606 610 615 619 620 636 644 648 686 709 710 713 729 751 756 758 762 772 774 775 776 786 797 801 807 827 828 829 847 853 859 876 880 890 892 894 932 940 942 978 990 1010 1015 1022 1079 1099 1106 1185 1212 1363
65 482 493 523 528 534 540 544 548 563 589 593 598 630 653 662 670 685 689 715 718 739 741 777 778 781 782 798 799 802 803 812 815 830 834 840 842 864 867 875 885 897 898 912 913 921 935 944 948 959 983 1005 1017 1105 1115 1119 1136 1150 1181 1184 1211 1235 1268 1298 1397 3580
60 526 551 552 553 554 605 627 629 659 663 674 675 679 682 684 690 720 734 743 753 790 793 805 822 831 832 838 844 861 866 884 887 903 904 905 923 945 963 967 988 1006 1008 1018 1019 1061 1108 1112 1129 1209 1227 1237 1255 1270 1313 1315 1345 1367 1428 1445 1627
68 558 570 596 612 626 656 665 667 676 678 703 704 706 721 740 745 760 771 789 800 833 848 855 858 863 865 872 877 895 907 909 914 917 920 938 947 955 958 976 985 992 1026 1031 1041 1043 1065 1072 1077 1078 1086 1110 1153 1183 1254 1263 1266 1287 1288 1295 1323 1327 1350 1399 1484 1508 1635 2103 4087
64 577 601 625 666 687 702 736 738 768 779 780 784 791 792 794 841 851 868 871 878 881 886 893 911 916 918 922 954 965 981 982 984 998 999 1013 1033 1046 1058 1073 1075 1084 1090 1101 1107 1155 1162 1277 1279 1281 1305 1316 1333 1347 1361 1369 1385 1446 1464 1473 1503 1522 1533 1637 1851
61 586 602 654 698 701 747 750 766 785 795 813 837 873 879 883 888 901 902 924 925 933 943 972 974 986 989 1003 1023 1029 1047 1050 1052 1054 1057 1063 1087 1116 1156 1157 1159 1164 1180 1200 1202 1232 1251 1297 1311 1318 1337 1375 1393 1396 1454 1540 1551 1559 1596 1648 1665 2504
66 660 671 688 726 773 810 811 817 850 854 899 908 919 926 927 939 941 956 964 987 991 995 997 1000 1002 1032 1034 1044 1056 1068 1070 1088 1094 1114 1117 1122 1161 1169 1190 1195 1201 1208 1216 1234 1274 1284 1296 1324 1328 1331 1357 1372 1378 1404 1449 1470 1486 1550 1607 1615 1638 1651 1690 1773 1778 1993
68 681 691 724 746 816 839 874 896 906 928 930 931 949 970 971 975 979 980 996 1007 1011 1020 1045 1069 1074 1085 1091 1097 1102 1103 1135 1137 1142 1173 1213 1221 1224 1225 1230 1231 1240 1252 1273 1332 1334 1335 1343 1356 1374 1443 1447 1474 1509 1518 1527 1543 1576 1601 1629 1653 1678 1738 1739 1791 1793 1868 2436 4329
70 719 804 835 846 862 910 915 952 961 968 1004 1009 1012 1016 1025 1028 1039 1064 1081 1082 1083 1089 1092 1096 1104 1118 1120 1121 1126 1128 1145 1146 1170 1171 1223 1246 1265 1272 1286 1291 1336 1338 1346 1351 1355 1362 1366 1376 1381 1384 1388 1432 1475 1478 1479 1529 1580 1594 1626 1634 1655 1672 1697 1714 1801 1864 1911 1921 1946 2084
66 820 929 934 957 994 1014 1021 1024 1037 1042 1049 1051 1053 1055 1093 1098 1127 1132 1144 1147 1149 1151 1158 1163 1166 1168 1172 1176 1182 1188 1214 1249 1261 1294 1341 1352 1379 1391 1394 1400 1403 1426 1438 1455 1463 1476 1481 1497 1500 1501 1506 1510 1514 1538 1628 1682 1705 1727 1762 1875 1928 1954 1990 1991 2149 3116
65 962 993 1030 1035 1036 1038 1059 1060 1066 1067 1076 1080 1095 1131 1133 1138 1160 1165 1167 1174 1189 1193 1194 1206 1207 1215 1244 1262 1280 1308 1314 1353 1358 1382 1383 1392 1413 1416 1450 1471 1480 1513 1523 1528 1534 1546 1561 1570 1583 1633 1685 1686 1716 1718 1765 1786 1798 1881 1916 1967 2007 2016 2155 2338 2423
66 1040 1048 1062 1100 1109 1113 1123 1124 1139 1140 1152 1178 1197 1198 1203 1217 1218 1219 1222 1226 1228 1233 1248 1256 1290 1292 1303 1319 1321 1371 1401 1402 1406 1409 1439 1453 1456 1469 1488 1502 1563 1565 1569 1578 1582 1586 1591 1605 1617 1646 1669 1703 1728 1731 1790 1800 1811 1820 1891 2008 2031 2059 2067 2134 2217 3399
66 1125 1130 1134 1143 1148 1175 1191 1192 1196 1210 1220 1229 1236 1238 1242 1243 1245 1253 1258 1259 1269 1301 1302 1307 1309 1320 1329 1389 1405 1418 1451 1452 1457 1458 1461 1494 1495 1496 1511 1517 1537 1571 1581 1611 1613 1619 1624 1625 1658 1663 1687 1699 1812 1815 1834 1859 1874 1930 1975 1981 2041 2099 2157 2249 2451 6148
67 1141 1186 1187 1204 1205 1239 1241 1247 1250 1257 1260 1264 1276 1282 1283 1293 1299 1304 1306 1310 1317 1326 1344 1349 1360 1395 1436 1459 1460 1467 1482 1498 1504 1507 1530 1535 1536 1567 1584 1598 1606 1623 1640 1645 1649 1696 1722 1729 1755 1782 1827 1841 1869 1877 1937 1939 1943 2054 2075 2105 2119 2213 2215 2267 2288 2296 2480
64 1179 1267 1271 1275 1278 1285 1300 1322 1325 1339 1340 1342 1354 1368 1370 1411 1419 1420 1423 1427 1431 1433 1444 1483 1489 1490 1493 1544 1552 1553 1616 1632 1636 1652 1654 1656 1673 1684 1702 1710 1732 1733 1757 1775 1803 1814 1843 1857 1878 1900 1947 1951 1957 1958 1974 2088 2094 2123 2143 2170 2273 2291 2349 2507
63 1312 1330 1348 1359 1365 1373 1380 1390 1412 1414 1430 1435 1440 1477 1485 1516 1519 1524 1525 1526 1532 1548 1585 1589 1618 1621 1642 1661 1662 1664 1667 1706 1713 1720 1736 1741 1743 1748 1763 1823 1844 1850 1902 1910 1912 1966 1978 1995 2025 2063 2093 2095 2189 2257 2261 2306 2367 2371 2380 2386 2388 2406 2497
62 1364 1377 1386 1398 1407 1410 1415 1417 1422 1429 1441 1465 1487 1515 1521 1541 1545 1549 1555 1557 1564 1620 1622 1630 1647 1650 1680 1698 1701 1719 1726 1761 1780 1781 1783 1789 1806 1828 1845 1884 1901 1922 1945 1949 1953 1979 1982 1989 1997 2046 2065 2115 2203 2211 2268 2275 2329 2431 2467 2494 2518 4131
68 1387 1408 1421 1424 1437 1442 1448 1462 1505 1542 1547 1560 1562 1593 1602 1603 1609 1610 1643 1668 1671 1694 1695 1709 1721 1742 1744 1771 1774 1819 1829 1830 1832 1840 1848 1858 1876 1886 1903 1906 1931 1940 1955 1970 1984 1987 1992 2002 2072 2074 2079 2102 2104 2109 2160 2197 2214 2248 2264 2269 2311 2357 2400 2444 2493 2523 2661 2681
69 1425 1466 1468 1472 1491 1492 1499 1520 1554 1558 1575 1588 1592 1600 1604 1639 1657 1676 1679 1683 1688 1692 1693 1708 1723 1724 1747 1749 1796 1838 1847 1853 1856 1866 1873 1885 1887 1918 1941 1950 1973 1977 2022 2023 2035 2045 2073 2081 2089 2117 2159 2162 2174 2177 2210 2302 2308 2345 2385 2441 2448 2456 2481 2487 2528 2532 2611 2659 2894
64 1434 1512 1531 1539 1556 1566 1590 1595 1597 1608 1612 1631 1659 1674 1677 1689 1707 1725 1730 1735 1754 1792 1797 1799 1825 1870 1879 1892 1894 1905 1914 1927 2006 2026 2029 2043 2047 2070 2087 2112 2118 2127 2172 2190 2196 2199 2250 2282 2284 2285 2294 2328 2360 2393 2454 2478 2498 2516 2530 2556 2561 2582 2879 3082
70 1568 1572 1573 1574 1577 1614 1644 1675 1681 1691 1700 1740 1750 1759 1760 1767 1770 1777 1784 1802 1836 1837 1849 1861 1867 1880 1889 1908 1915 1919 1929 1934 1936 1952 1963 2014 2015 2034 2108 2110 2113 2128 2131 2133 2164 2180 2192 2208 2222 2240 2317 2336 2340 2347 2363 2376 2383 2398 2405 2422 2501 2505 2514 2537 2544 2565 2587 2594 2630 2786
68 1579 1587 1599 1660 1670 1704 1712 1715 1734 1737 1745 1756 1758 1772 1787 1794 1804 1810 1821 1839 1852 1871 1872 1883 1899 1920 1933 1935 1948 1960 1962 1968 2010 2019 2033 2060 2111 2125 2130 2173 2181 2200 2216 2229 2259 2277 2344 2356 2362 2366 2374 2392 2421 2427 2434 2437 2491 2510 2533 2567 2572 2585 2616 2620 2623 2634 2668 2895
63 1641 1711 1746 1751 1752 1753 1776 1779 1795 1822 1854 1865 1882 1888 1895 1897 1898 1971 1972 1986 1988 2004 2017 2032 2040 2044 2056 2077 2080 2082 2151 2185 2187 2206 2219 2224 2227 2246 2271 2272 2290 2319 2361 2377 2438 2443 2449 2471 2483 2486 2545 2553 2559 2571 2667 2670 2678 2716 2719 2781 2783 2791 2907
66 1717 1764 1768 1805 1807 1809 1818 1855 1863 1890 1904 1907 1917 1932 1944 1980 1996 2001 2009 2011 2020 2021 2030 2050 2066 2092 2114 2121 2148 2165 2171 2193 2204 2225 2226 2231 2245 2270 2292 2299 2307 2309 2402 2407 2455 2458 2461 2476 2503 2529 2566 2575 2597 2618 2626 2627 2703 2706 2712 2737 2789 2804 2809 2810 2936 3232
64 1769 1785 1788 1816 1831 1835 1842 1860 1862 1913 1923 1926 1961 1969 1994 1998 2027 2028 2039 2052 2055 2061 2062 2068 2071 2076 2100 2120 2153 2184 2220 2235 2237 2251 2256 2278 2283 2312 2321 2327 2333 2341 2379 2420 2453 2460 2484 2543 2579 2588 2612 2638 2669 2691 2709 2718 2721 2731 2749 2776 2796 2807 2901 2925
68 1808 1813 1824 1826 1846 1909 1964 1976 1985 2000 2003 2013 2018 2024 2036 2053 2057 2064 2078 2083 2097 2106 2116 2122 2124 2132 2178 2188 2260 2262 2287 2300 2315 2324 2326 2348 2364 2372 2387 2411 2419 2425 2445 2473 2488 2490 2492 2515 2605 2619 2621 2655 2694 2729 2732 2751 2778 2779 2812 2814 2828 2829 2850 2881 2911 2942 2952 2994
66 1817 1833 1893 1896 1924 1938 1956 1983 2005 2012 2037 2048 2049 2058 2096 2126 2129 2135 2136 2142 2161 2176 2183 2207 2230 2243 2255 2276 2314 2316 2342 2369 2370 2428 2432 2447 2462 2466 2485 2508 2521 2564 2580 2592 2596 2598 2602 2628 2641 2764 2773 2784 2819 2824 2834 2844 2848 2862 2902 2904 2956 2957 2969 2980 3595 5885
65 1925 1942 1959 1965 2042 2051 2069 2085 2101 2137 2138 2140 2144 2147 2154 2158 2167 2175 2179 2194 2232 2233 2280 2286 2289 2320 2325 2354 2373 2382 2404 2413 2464 2475 2527 2568 2593 2625 2639 2650 2660 2662 2665 2676 2688 2702 2742 2787 2831 2856 2865 2866 2883 2885 2915 2938 2959 2968 2985 2999 3006 3021 3024 3080 4347
66 1999 2086 2090 2091 2141 2145 2152 2166 2168 2169 2186 2195 2201 2212 2218 2238 2239 2242 2247 2266 2274 2281 2303 2313 2331 2355 2389 2390 2397 2408 2416 2424 2500 2534 2540 2549 2551 2576 2631 2632 2653 2663 2684 2690 2696 2700 2726 2733 2816 2827 2871 2875 2884 2896 2926 2927 2953 2962 2976 2990 3008 3030 3038 3048 3057 3444
64 2038 2098 2139 2182 2198 2205 2221 2236 2252 2253 2258 2279 2295 2298 2301 2310 2318 2322 2334 2337 2375 2412 2415 2426 2463 2465 2495 2502 2520 2546 2581 2615 2645 2658 2692 2695 2697 2723 2750 2754 2861 2880 2886 2898 2905 2932 2934 2964 2978 2987 2991 3014 3015 3041 3045 3059 3062 3071 3074 3101 3107 3375 6091 6422
65 2146 2150 2156 2191 2202 2228 2244 2263 2293 2323 2339 2346 2352 2358 2359 2394 2403 2409 2457 2474 2509 2513 2522 2539 2548 2560 2577 2589 2606 2617 2656 2657 2666 2671 2704 2708 2714 2727 2740 2757 2792 2798 2839 2910 2958 2974 2988 3000 3002 3022 3023 3066 3070 3072 3083 3092 3106 3120 3138 3148 3157 3159 3188 3386 3767
69 2163 2209 2223 2234 2241 2265 2297 2304 2305 2335 2343 2353 2384 2391 2401 2410 2433 2435 2450 2470 2477 2499 2511 2525 2542 2547 2558 2590 2610 2675 2682 2683 2685 2686 2730 2739 2741 2753 2806 2821 2837 2869 2882 2899 2941 2972 2997 3007 3012 3017 3029 3032 3053 3081 3084 3098 3111 3154 3161 3168 3173 3197 3202 3279 3285 3334 3504 3748 4275
69 2330 2332 2350 2351 2365 2395 2396 2399 2418 2429 2430 2439 2468 2489 2531 2536 2538 2541 2552 2562 2595 2613 2624 2629 2643 2647 2699 2705 2720 2724 2743 2759 2761 2780 2811 2872 2888 2889 2929 2945 2951 2975 3031 3052 3077 3087 3089 3097 3112 3133 3135 3141 3163 3196 3207 3208 3214 3218 3226 3274 3289 3305 3345 3349 3366 3381 3403 3436 6575
64 2368 2378 2381 2414 2417 2442 2459 2469 2479 2506 2519 2569 2574 2591 2601 2642 2646 2651 2654 2679 2680 2689 2725 2735 2760 2790 2800 2802 2817 2826 2833 2842 2893 2949 2970 3004 3013 3046 3056 3068 3085 3093 3115 3140 3142 3165 3200 3219 3224 3237 3239 3308 3311 3328 3351 3354 3355 3404 3421 3422 3472 3517 3531 3818
68 2440 2452 2472 2482 2496 2512 2524 2526 2535 2555 2578 2599 2608 2609 2622 2637 2644 2674 2687 2707 2722 2763 2799 2808 2818 2825 2845 2846 2852 2859 2877 2887 2903 2939 2944 2967 2979 3026 3034 3043 3047 3088 3125 3162 3178 3189 3206 3217 3221 3223 3230 3257 3307 3352 3369 3406 3450 3451 3457 3467 3468 3474 3529 3530 3540 3555 3769 8311
68 2446 2517 2550 2554 2557 2563 2570 2573 2583 2604 2614 2633 2640 2664 2673 2677 2710 2728 2738 2744 2745 2747 2748 2771 2774 2788 2835 2857 2867 2878 2891 2897 2900 2973 2977 2981 2982 3054 3067 3073 3102 3109 3184 3204 3222 3231 3252 3255 3270 3294 3309 3358 3374 3424 3447 3459 3478 3493 3522 3547 3554 3570 3589 3633 3634 3642 3708 4331
68 2584 2586 2607 2636 2648 2649 2693 2701 2715 2736 2746 2752 2755 2762 2768 2770 2782 2794 2797 2801 2832 2843 2892 2909 2913 2923 2924 2928 2935 2946 2948 2984 3003 3010 3028 3061 3096 3108 3113 3129 3137 3193 3244 3245 3248 3253 3261 3263 3276 3296 3338 3397 3413 3426 3438 3498 3510 3527 3583 3601 3607 3645 3663 3668 3808 3810 4901 9154
68 2600 2635 2652 2698 2711 2756 2766 2767 2769 2775 2815 2838 2840 2841 2853 2868 2873 2917 2919 2931 2943 2947 2955 2986 2989 2998 3011 3020 3063 3065 3094 3095 3132 3136 3152 3180 3211 3213 3282 3287 3293 3325 3329 3337 3342 3357 3365 3395 3469 3483 3521 3538 3542 3559 3572 3588 3649 3652 3653 3664 3697 3719 3734 3758 3826 3857 3913 4361
72 2603 2672 2713 2734 2765 2777 2785 2793 2813 2836 2847 2860 2906 2908 2912 2914 2916 2918 2920 2937 2950 2960 2961 2983 3018 3035 3055 3058 3078 3121 3124 3127 3147 3175 3220 3250 3269 3271 3301 3319 3327 3343 3359 3371 3372 3376 3378 3394 3414 3433 3445 3497 3523 3526 3561 3577 3578 3586 3614 3655 3687 3710 3760 3779 3796 3800 3816 3829 3876 3901 3952 5255
61 2717 2758 2772 2795 2803 2855 2858 2876 2930 2965 2966 2992 3001 3019 3037 3040 3069 3079 3086 3090 3105 3110 3131 3134 3146 3174 3199 3241 3246 3321 3344 3368 3370 3377 3400 3408 3418 3419 3428 3466 3475 3485 3509 3539 3564 3569 3591 3597 3626 3661 3688 3706 3712 3840 3868 3870 3872 3918 4014 4037 8392
67 2805 2822 2823 2830 2864 2874 2933 2940 2963 2971 3005 3009 3033 3036 3049 3091 3100 3103 3114 3122 3130 3144 3166 3176 3191 3194 3228 3251 3273 3284 3290 3382 3389 3390 3401 3409 3432 3437 3458 3461 3473 3499 3525 3535 3549 3550 3566 3593 3600 3613 3624 3627 3676 3699 3713 3717 3752 3842 3906 3931 3956 3957 3970 4058 4097 4171 4576
64 2849 2890 2921 2922 2954 3027 3044 3050 3051 3064 3118 3126 3151 3156 3158 3164 3167 3185 3192 3215 3229 3234 3262 3277 3303 3317 3356 3393 3416 3441 3463 3464 3470 3512 3552 3571 3576 3594 3615 3617 3621 3658 3673 3689 3691 3726 3727 3729 3838 3848 3859 3909 3930 3936 3940 3946 3962 4063 4111 4135 4184 4188 4235 4254
70 2851 2870 2993 2996 3025 3060 3075 3099 3139 3150 3170 3177 3182 3186 3195 3203 3205 3212 3242 3254 3280 3286 3298 3300 3310 3313 3314 3360 3415 3446 3449 3477 3495 3514 3567 3568 3574 3596 3602 3638 3639 3641 3666 3690 3714 3718 3725 3736 3738 3739 3749 3768 3841 3862 3910 3938 3943 3948 3958 3959 3979 3985 4256 4268 4274 4300 4353 4364 4556 9604
62 2995 3039 3042 3076 3119 3128 3149 3169 3172 3201 3225 3238 3243 3259 3267 3272 3275 3281 3297 3304 3315 3320 3330 3364 3402 3435 3453 3502 3507 3585 3599 3605 3616 3650 3657 3662 3723 3728 3732 3737 3750 3751 3787 3788 3793 3823 3900 3947 3988 3993 3998 4020 4026 4197 4257 4339 4345 4412 4418 4419 4502 8194
60 3016 3104 3123 3171 3181 3198 3264 3266 3278 3283 3291 3292 3299 3318 3335 3336 3340 3341 3362 3379 3392 3398 3407 3430 3434 3454 3456 3508 3609 3646 3672 3674 3677 3692 3740 3754 3761 3773 3776 3789 3790 3792 3809 3861 3864 3977 3994 3996 4008 4036 4075 4138 4196 4222 4287 4352 4437 4512 4625 8696
64 3117 3145 3179 3209 3210 3235 3260 3268 3295 3306 3323 3326 3331 3332 3346 3347 3348 3388 3417 3427 3429 3431 3481 3484 3488 3490 3494 3543 3584 3684 3686 3700 3721 3747 3786 3799 3805 3814 3820 3822 3843 3852 3853 3874 3924 3933 3935 3990 3995 4000 4012 4061 4105 4150 4224 4237 4270 4354 4422 4461 4526 4539 4585 4644
61 3153 3187 3216 3258 3316 3333 3350 3367 3373 3391 3410 3420 3439 3465 3479 3480 3487 3500 3506 3515 3544 3545 3548 3563 3622 3629 3685 3730 3753 3801 3806 3824 3837 3869 3880 3884 3885 3890 3915 3916 3928 3945 3964 3965 3966 3980 4013 4029 4038 4042 4155 4228 4271 4291 4297 4337 4384 4516 4678 4747 9895
70 3155 3183 3190 3233 3247 3288 3302 3312 3322 3380 3385 3396 3405 3411 3412 3443 3486 3489 3513 3520 3528 3532 3546 3553 3565 3603 3606 3631 3635 3637 3695 3705 3759 3771 3828 3886 3888 3891 3895 3927 3939 3960 3967 3969 3973 3976 3999 4007 4016 4022 4024 4039 4041 4108 4121 4176 4255 4319 4320 4346 4380 4407 4411 4518 4540 4548 4586 4594 4821 4915
65 3236 3240 3256 3265 3324 3339 3383 3442 3455 3462 3503 3518 3537 3541 3556 3558 3573 3587 3604 3608 3625 3647 3670 3742 3743 3778 3794 3795 3798 3807 3812 3849 3889 3894 3896 3897 3961 3963 3971 4010 4023 4027 4035 4056 4073 4102 4133 4142 4173 4209 4210 4267 4326 4360 4367 4369 4381 4479 4490 4532 4592 4605 4690 4707 4775
69 3249 3353 3361 3425 3460 3471 3476 3482 3524 3536 3557 3560 3610 3619 3644 3648 3651 3654 3675 3678 3683 3774 3785 3791 3797 3817 3819 3834 3839 3879 3920 3923 3926 3942 3978 3983 4033 4043 4051 4054 4070 4086 4143 4154 4159 4198 4203 4206 4208 4242 4253 4265 4296 4366 4416 4450 4517 4531 4552 4561 4584 4590 4600 4635 4643 4708 4789 4916 9478
67 3363 3384 3423 3452 3501 3505 3519 3534 3575 3612 3620 3667 3669 3680 3711 3715 3724 3741 3745 3784 3802 3813 3825 3835 3846 3893 3941 3944 3974 4011 4045 4059 4072 4074 4080 4085 4094 4103 4162 4187 4202 4211 4216 4220 4225 4233 4234 4245 4269 4283 4336 4342 4449 4459 4468 4571 4580 4615 4619 4674 4680 4682 4685 4699 4712 4793 4962
64 3387 3448 3491 3492 3496 3551 3579 3582 3598 3618 3623 3671 3696 3703 3707 3722 3731 3770 3777 3780 3803 3850 3863 3865 3882 3892 3955 3975 3981 3982 4019 4032 4090 4106 4109 4113 4118 4129 4146 4164 4261 4285 4301 4305 4308 4324 4362 4403 4409 4426 4462 4485 4505 4631 4646 4666 4683 4695 4714 4762 4767 4871 4978 6207
67 3440 3511 3516 3533 3592 3630 3640 3643 3682 3701 3702 3716 3746 3783 3821 3830 3871 3887 3905 3908 3925 3986 3989 4002 4021 4081 4092 4098 4100 4112 4120 4125 4128 4139 4148 4149 4157 4167 4191 4240 4299 4330 4333 4357 4359 4399 4405 4427 4429 4439 4463 4484 4510 4593 4608 4664 4688 4698 4702 4735 4771 4791 4832 4875 4881 5065 5211
66 3562 3581 3590 3611 3656 3659 3679 3681 3693 3694 3733 3735 3744 3755 3757 3762 3804 3847 3854 3858 3904 3912 3934 4003 4017 4025 4028 4031 4047 4064 4079 4101 4132 4160 4161 4177 4180 4207 4226 4232 4244 4310 4321 4372 4389 4404 4441 4445 4451 4508 4536 4537 4569 4613 4663 4681 4746 4798 4811 4820 4827 4866 4923 4963 5002 6441
67 3628 3632 3636 3665 3698 3704 3709 3763 3764 3781 3811 3836 3844 3881 3898 3907 3917 3984 4004 4040 4044 4055 4062 4095 4110 4124 4127 4136 4140 4147 4153 4179 4199 4213 4215 4218 4230 4258 4288 4312 4340 4406 4438 4464 4475 4491 4499 4528 4554 4558 4572 4620 4624 4651 4705 4721 4783 4840 4841 4872 4877 4890 4897 4956 4977 5107 9403
68 3660 3720 3756 3765 3772 3782 3827 3845 3851 3855 3919 3949 3997 4001 4015 4048 4069 4076 4083 4130 4137 4158 4163 4168 4178 4212 4266 4276 4277 4280 4284 4294 4317 4328 4332 4335 4365 4378 4414 4434 4453 4482 4498 4513 4541 4563 4595 4606 4626 4675 4729 4733 4741 4790 4850 4884 4895 4905 4908 4913 4936 4940 4947 4965 4998 5007 5033 5178
60 3766 3775 3815 3833 3856 3860 3866 3867 3899 3903 3951 4005 4030 4089 4116 4117 4134 4145 4174 4190 4201 4223 4262 4290 4293 4295 4316 4343 4351 4368 4373 4421 4448 4470 4492 4493 4496 4570 4596 4604 4618 4668 4686 4709 4731 4744 4780 4848 4907 4927 4954 4961 4973 4981 5021 5029 5042 5044 5193 5561
63 3831 3832 3873 3877 3878 3914 3921 3932 3950 3953 3954 3992 4009 4018 4093 4104 4175 4185 4193 4204 4229 4241 4243 4272 4371 4375 4382 4383 4410 4424 4488 4509 4522 4525 4534 4538 4557 4609 4649 4653 4670 4711 4755 4772 4781 4810 4920 4959 4984 4993 4995 5009 5032 5050 5054 5092 5204 5208 5227 5240 5269 5273 5284
68 3875 3902 3911 3929 3937 3968 3972 3987 4006 4034 4046 4050 4053 4067 4082 4096 4126 4144 4194 4205 4221 4247 4263 4281 4289 4292 4306 4334 4344 4376 4379 4402 4417 4420 4471 4477 4546 4549 4555 4610 4614 4623 4645 4654 4656 4719 4725 4752 4770 4778 4806 4816 4849 4859 4979 4999 5016 5091 5101 5110 5161 5196 5215 5216 5231 5280 5320 6172
63 3883 3922 3991 4049 4057 4060 4068 4071 4084 4091 4123 4152 4156 4181 4183 4192 4231 4251 4264 4282 4315 4325 4341 4348 4363 4374 4401 4423 4425 4428 4430 4515 4551 4578 4602 4648 4669 4693 4704 4706 4738 4742 4763 4786 4846 4860 4876 4912 4932 5017 5019 5120 5158 5173 5184 5225 5256 5257 5275 5285 5361 5392 5410
62 4052 4065 4066 4088 4099 4151 4165 4186 4195 4200 4227 4252 4273 4298 4350 4358 4370 4387 4388 4396 4413 4431 4435 4440 4456 4511 4547 4583 4591 4598 4603 4633 4637 4676 4700 4723 4727 4737 4740 4787 4812 4826 4837 4842 4854 4861 4863 4894 4968 4971 5011 5039 5155 5180 5221 5276 5294 5317 5365 5375 5418 5517
60 4077 4107 4114 4115 4119 4166 4169 4170 4214 4219 4248 4250 4278 4302 4313 4355 4377 4432 4443 4444 4460 4489 4500 4504 4519 4564 4601 4617 4713 4748 4750 4756 4776 4800 4814 4815 4819 4853 4879 4886 4899 4939 4982 5004 5025 5085 5089 5099 5232 5261 5337 5344 5372 5374 5386 5398 5432 5453 5486 5707
69 4078 4122 4182 4217 4238 4239 4249 4259 4279 4286 4304 4307 4309 4314 4323 4356 4385 4446 4457 4497 4520 4533 4544 4579 4582 4599 4743 4761 4779 4813 4829 4836 4838 4839 4843 4847 4865 4868 4893 4902 4911 4924 4928 4946 4972 4987 4991 5034 5047 5061 5088 5140 5172 5217 5234 5286 5300 5305 5380 5391 5402 5466 5470 5473 5481 5507 5551 5638 7555
61 4141 4189 4236 4246 4303 4311 4318 4327 4386 4391 4393 4394 4395 4452 4454 4465 4483 4521 4524 4527 4542 4565 4577 4612 4658 4667 4684 4696 4845 4851 4855 4862 4883 4934 4955 4970 5003 5013 5038 5043 5060 5078 5087 5094 5141 5145 5190 5243 5316 5342 5359 5430 5471 5489 5491 5513 5527 5562 5591 5618 5644
61 4172 4260 4322 4338 4349 4390 4392 4400 4408 4415 4436 4442 4472 4478 4486 4487 4545 4550 4559 4630 4638 4641 4647 4652 4687 4689 4749 4914 4918 4925 4930 4943 5001 5026 5027 5037 5056 5098 5103 5111 5131 5139 5143 5164 5194 5203 5319 5341 5358 5363 5408 5459 5515 5526 5536 5543 5548 5559 5635 5666 5674
68 4397 4398 4433 4447 4455 4458 4474 4476 4480 4495 4507 4514 4529 4530 4562 4566 4575 4588 4640 4657 4665 4679 4691 4720 4728 4732 4822 4882 4919 4985 4986 4992 5006 5040 5067 5072 5076 5081 5114 5123 5150 5165 5179 5205 5250 5264 5328 5364 5381 5437 5445 5452 5521 5538 5549 5560 5569 5582 5586 5609 5621 5633 5681 5690 5698 5723 5738 5823
68 4466 4467 4469 4473 4481 4503 4535 4553 4560 4567 4573 4587 4589 4597 4621 4627 4628 4694 4703 4724 4726 4774 4782 4818 4825 4835 4952 5000 5015 5048 5063 5073 5075 5095 5104 5154 5174 5186 5187 5199 5212 5236 5242 5267 5271 5283 5288 5321 5335 5338 5339 5449 5494 5558 5571 5575 5593 5615 5629 5650 5660 5667 5678 5712 5717 5774 5789 5921
66 4494 4501 4543 4568 4574 4581 4607 4622 4629 4636 4639 4642 4672 4673 4677 4692 4722 4734 4736 4758 4785 4792 4823 4831 4833 4869 4873 4892 4906 5024 5080 5093 5108 5122 5132 5191 5214 5239 5246 5248 5252 5272 5295 5362 5389 5414 5421 5458 5468 5469 5589 5599 5624 5649 5657 5665 5685 5729 5734 5736 5779 5836 5851 5953 6014 6301
67 4523 4611 4616 4632 4634 4650 4655 4660 4697 4710 4716 4730 4745 4788 4799 4809 4828 4844 4856 4857 4864 4874 4888 4898 4921 4988 5018 5083 5118 5135 5152 5198 5202 5219 5220 5259 5270 5287 5331 5340 5357 5385 5393 5399 5431 5444 5518 5544 5572 5576 5676 5677 5686 5702 5711 5715 5725 5747 5780 5787 5845 5849 5877 5897 5970 6017 7649
63 4661 4662 4671 4701 4715 4717 4718 4739 4757 4777 4784 4795 4817 4858 4880 4885 4889 4900 4929 4931 4938 4941 4945 4958 4990 5064 5137 5162 5200 5230 5265 5268 5299 5332 5346 5373 5394 5415 5419 5422 5463 5554 5563 5605 5607 5625 5684 5709 5719 5728 5764 5776 5795 5805 5809 5844 5859 5870 5928 5930 5987 6051 6491
62 4751 4753 4754 4759 4765 4769 4797 4802 4834 4867 4887 4903 4926 4942 4948 4950 4953 4969 4997 5010 5012 5023 5028 5035 5036 5045 5059 5096 5192 5249 5306 5330 5356 5378 5409 5426 5447 5464 5479 5487 5498 5573 5602 5616 5620 5626 5641 5710 5735 5812 5813 5819 5864 5882 5907 5915 5918 5948 5950 5988 5991 6061
65 4760 4764 4766 4773 4794 4803 4807 4824 4909 4910 4917 4933 4975 4976 5052 5053 5055 5058 5068 5070 5071 5100 5106 5124 5169 5175 5282 5289 5347 5367 5379 5427 5443 5450 5477 5484 5485 5493 5495 5565 5594 5617 5623 5627 5651 5656 5663 5722 5765 5785 5792 5824 5872 5926 5936 5937 5960 5985 6008 6012 6038 6055 6065 6121 6627
66 4768 4796 4805 4808 4870 4896 4937 4966 4983 5005 5020 5022 5066 5074 5079 5084 5090 5119 5121 5133 5142 5146 5189 5279 5281 5290 5291 5352 5405 5417 5428 5438 5504 5505 5519 5531 5539 5567 5614 5628 5630 5631 5636 5640 5743 5745 5753 5754 5788 5873 5932 5946 5996 6002 6011 6013 6022 6028 6029 6059 6074 6088 6090 6135 6173 7641
66 4801 4804 4830 4852 4878 4922 4944 4957 4996 5031 5051 5082 5086 5102 5105 5116 5125 5157 5159 5168 5183 5222 5235 5238 5292 5297 5304 5327 5441 5451 5497 5540 5541 5546 5577 5581 5590 5622 5642 5643 5655 5672 5688 5697 5750 5762 5807 5814 5871 5888 5922 5981 5995 6040 6041 6052 6068 6076 6094 6133 6142 6149 6157 6159 6164 6371
63 4891 4904 4949 4951 4967 4974 4980 5041 5109 5117 5126 5138 5144 5148 5151 5163 5166 5167 5170 5171 5176 5274 5277 5278 5309 5311 5314 5395 5404 5411 5442 5578 5579 5606 5646 5648 5652 5662 5692 5708 5733 5773 5778 5799 5816 5858 5866 5892 5902 5961 6019 6053 6077 6136 6141 6153 6161 6169 6179 6189 6202 6216 6405
65 4935 4960 4989 4994 5008 5014 5077 5112 5113 5115 5127 5128 5153 5177 5182 5188 5201 5218 5223 5228 5253 5293 5301 5315 5322 5329 5350 5382 5420 5488 5533 5600 5611 5689 5695 5716 5718 5720 5737 5741 5755 5775 5810 5825 5853 5891 5893 5920 5933 5992 6031 6066 6080 6086 6103 6139 6181 6184 6203 6217 6235 6240 6246 6413 6479
67 5030 5046 5049 5057 5069 5097 5129 5130 5134 5156 5181 5210 5224 5229 5244 5296 5302 5312 5343 5355 5366 5384 5390 5397 5412 5429 5530 5568 5592 5664 5691 5727 5730 5731 5746 5790 5806 5827 5841 5880 5899 5923 5929 5979 6004 6023 6034 6047 6067 6070 6071 6108 6201 6222 6248 6251 6264 6266 6269 6271 6279 6320 6390 6447 6511 6576 7577
66 5062 5136 5147 5149 5160 5185 5195 5206 5207 5209 5226 5251 5258 5298 5303 5307 5323 5348 5353 5360 5369 5401 5403 5413 5425 5480 5501 5550 5601 5603 5701 5732 5752 5758 5767 5786 5804 5808 5884 5927 5931 5957 5977 5980 5986 6020 6081 6089 6095 6101 6109 6116 6126 6209 6260 6289 6293 6303 6305 6325 6332 6442 6480 6496 6537 7911
70 5197 5213 5233 5237 5241 5245 5247 5263 5308 5313 5318 5349 5351 5368 5376 5396 5406 5407 5424 5433 5434 5439 5440 5474 5490 5509 5514 5547 5661 5694 5761 5766 5782 5800 5817 5820 5839 5842 5924 5943 5958 5971 5989 6035 6039 6043 6054 6107 6118 6122 6131 6158 6196 6239 6241 6254 6273 6308 6311 6327 6356 6358 6360 6377 6404 6498 6513 6546 6588 6614
63 5254 5260 5262 5310 5324 5326 5333 5334 5345 5387 5400 5416 5423 5435 5436 5446 5457 5496 5502 5506 5508 5510 5584 5597 5647 5659 5699 5768 5770 5803 5830 5833 5840 5848 5854 5947 5956 5978 5982 6045 6058 6064 6083 6087 6132 6140 6144 6194 6281 6290 6316 6317 6324 6335 6397 6415 6435 6490 6542 6561 6587 6596 7417
65 5266 5325 5336 5354 5370 5377 5448 5456 5460 5461 5478 5499 5512 5523 5542 5556 5570 5587 5596 5637 5639 5687 5704 5763 5781 5791 5818 5834 5847 5852 5869 5909 5962 5972 6006 6009 6048 6050 6078 6079 6106 6110 6165 6193 6219 6243 6259 6339 6342 6355 6366 6408 6431 6465 6495 6499 6503 6524 6533 6564 6573 6598 6625 6632 6787
66 5371 5383 5388 5462 5467 5472 5475 5476 5516 5520 5522 5525 5580 5585 5610 5670 5700 5739 5742 5749 5769 5793 5811 5828 5874 5890 5894 5963 5993 5994 6024 6044 6072 6075 6104 6111 6119 6120 6124 6127 6146 6195 6199 6232 6247 6314 6370 6383 6391 6420 6467 6478 6506 6532 6534 6626 6633 6637 6639 6647 6650 6656 6680 6737 6830 9600
65 5455 5465 5482 5483 5492 5503 5511 5534 5545 5566 5574 5598 5619 5654 5682 5706 5748 5757 5759 5760 5772 5802 5821 5822 5843 5856 5905 5906 5913 5951 5964 5998 6026 6063 6100 6134 6156 6170 6180 6204 6220 6249 6270 6285 6297 6307 6333 6381 6455 6477 6489 6501 6517 6569 6577 6583 6654 6663 6673 6722 6730 6732 6755 6804 6835
65 5500 5524 5528 5529 5532 5537 5553 5555 5583 5612 5632 5671 5683 5693 5714 5783 5784 5838 5861 5862 5879 5904 5911 5974 6010 6018 6025 6060 6082 6098 6143 6147 6166 6174 6175 6223 6288 6302 6315 6326 6336 6343 6346 6349 6372 6373 6443 6458 6536 6541 6548 6560 6602 6619 6631 6660 6667 6704 6751 6762 6784 6806 6810 7162 8909
68 5535 5552 5557 5564 5595 5608 5613 5653 5658 5668 5680 5696 5705 5726 5796 5850 5860 5863 5878 5887 5900 5935 5975 5976 5983 6033 6085 6114 6115 6129 6137 6145 6176 6182 6192 6208 6226 6282 6306 6334 6353 6365 6387 6394 6396 6401 6468 6469 6514 6525 6526 6579 6592 6593 6636 6659 6661 6709 6713 6761 6776 6783 6821 6823 6842 6843 6898 6906
62 5588 5645 5669 5673 5675 5703 5713 5721 5724 5744 5751 5797 5826 5857 5867 5875 5896 5916 5925 5969 6015 6037 6069 6138 6178 6187 6206 6213 6228 6253 6272 6291 6321 6323 6350 6376 6384 6400 6403 6417 6487 6505 6527 6529 6549 6568 6589 6608 6642 6662 6688 6717 6745 6782 6798 6833 6865 6883 6932 6942 6952 6974
63 5604 5740 5756 5771 5777 5794 5798 5815 5829 5855 5868 5883 5901 5912 6000 6007 6027 6049 6084 6097 6163 6171 6183 6191 6210 6224 6238 6298 6337 6338 6345 6362 6380 6418 6438 6466 6476 6512 6528 6555 6558 6571 6604 6679 6691 6694 6702 6769 6774 6797 6818 6828 6838 6881 6901 6947 6955 6960 6969 7010 7021 7747 9697
64 5634 5801 5837 5846 5865 5881 5886 5895 5910 5940 5945 5949 6036 6057 6099 6112 6128 6160 6162 6185 6188 6215 6252 6287 6310 6352 6354 6367 6375 6378 6388 6414 6432 6451 6471 6492 6494 6605 6611 6641 6645 6682 6685 6700 6723 6733 6771 6799 6801 6825 6832 6840 6867 6899 6907 6909 6916 7002 7004 7049 7050 7063 7134 9784
68 5832 5876 5889 5898 5903 5908 5914 5917 5934 5965 5968 5990 6016 6046 6105 6167 6186 6205 6218 6221 6225 6230 6268 6318 6368 6386 6398 6399 6406 6426 6429 6433 6439 6448 6450 6453 6462 6518 6521 6594 6607 6617 6628 6678 6695 6734 6777 6788 6803 6805 6831 6848 6852 6858 6880 6887 6920 6921 6929 6943 6972 6988 7008 7066 7094 7153 7165 7194
67 5835 5919 5938 5939 5941 5942 5944 5967 5997 5999 6005 6032 6177 6212 6233 6236 6244 6256 6263 6276 6277 6296 6385 6434 6449 6454 6456 6457 6460 6483 6484 6502 6508 6530 6539 6545 6565 6621 6649 6653 6689 6712 6725 6739 6834 6853 6855 6886 6903 6911 6913 6917 6981 6986 7019 7029 7048 7089 7090 7100 7123 7174 7178 7187 7207 7215 7234
61 5952 5955 5966 5973 5984 6003 6030 6073 6102 6113 6123 6125 6168 6267 6274 6280 6286 6295 6300 6312 6357 6364 6486 6510 6540 6544 6552 6591 6601 6624 6629 6644 6670 6714 6724 6736 6758 6759 6768 6789 6839 6870 6896 6926 6934 6957 7052 7055 7106 7107 7125 7152 7156 7192 7214 7246 7260 7270 7272 7315 7319
63 5959 6001 6021 6062 6092 6093 6117 6150 6151 6152 6211 6231 6299 6309 6328 6329 6331 6344 6361 6409 6515 6574 6581 6582 6585 6586 6612 6646 6665 6684 6692 6696 6698 6701 6757 6760 6775 6792 6802 6827 6863 6875 6894 6923 6937 6964 7073 7074 7101 7119 7121 7154 7164 7166 7223 7261 7294 7322 7326 7341 7348 7364 7368
68 6042 6056 6096 6154 6155 6190 6200 6234 6237 6242 6245 6255 6262 6275 6278 6292 6304 6341 6359 6389 6412 6436 6472 6473 6522 6590 6606 6648 6693 6706 6716 6719 6721 6726 6741 6743 6749 6786 6807 6837 6850 6877 6884 6900 6938 6949 6984 6987 7017 7085 7092 7128 7139 7140 7220 7280 7281 7287 7332 7362 7371 7399 7422 7435 7456 7460 7470 7492
65 6130 6197 6198 6214 6250 6258 6265 6283 6284 6313 6322 6348 6369 6379 6393 6395 6411 6419 6427 6446 6523 6531 6535 6567 6572 6609 6651 6672 6697 6728 6735 6742 6772 6841 6846 6851 6861 6904 6905 6924 6939 6940 6946 6958 7023 7027 7034 7041 7057 7067 7137 7169 7197 7224 7228 7289 7303 7354 7386 7413 7424 7471 7478 7502 7534
67 6227 6229 6257 6294 6347 6351 6363 6374 6382 6402 6410 6437 6452 6470 6500 6519 6538 6547 6550 6553 6559 6584 6615 6666 6674 6705 6707 6711 6763 6773 6780 6809 6811 6829 6836 6873 6892 6895 6930 6945 6953 6962 6963 6965 6967 6968 7003 7051 7064 7070 7095 7113 7182 7252 7301 7306 7342 7376 7396 7457 7474 7477 7517 7521 7533 7540 7559
68 6261 6319 6330 6392 6407 6416 6421 6444 6445 6459 6464 6474 6481 6485 6493 6516 6551 6562 6616 6630 6652 6675 6690 6708 6715 6800 6813 6814 6849 6862 6878 6882 6908 6915 6977 6991 6996 6998 7001 7013 7040 7053 7069 7079 7083 7098 7103 7143 7145 7168 7204 7250 7255 7302 7339 7411 7453 7463 7490 7518 7537 7542 7568 7593 7652 7688 7690 7796
61 6340 6423 6425 6461 6463 6475 6482 6488 6504 6509 6520 6554 6566 6618 6622 6634 6676 6727 6740 6750 6764 6820 6856 6872 6893 6927 6941 6948 6993 7005 7007 7012 7018 7044 7081 7093 7127 7129 7133 7141 7160 7170 7193 7198 7211 7254 7263 7360 7440 7444 7486 7505 7508 7520 7553 7608 7654 7655 7718 7756 7936
68 6424 6440 6497 6543 6556 6557 6563 6578 6580 6600 6620 6623 6643 6657 6658 6686 6738 6744 6747 6752 6795 6824 6847 6860 6914 6918 6951 6954 6976 6989 7025 7033 7035 7056 7058 7072 7102 7146 7155 7181 7189 7200 7208 7225 7226 7241 7266 7269 7274 7389 7391 7445 7454 7480 7512 7523 7524 7544 7583 7604 7631 7697 7705 7722 7741 7774 7775 7996
67 6428 6430 6570 6595 6597 6603 6635 6640 6655 6664 6677 6681 6699 6703 6710 6731 6746 6753 6754 6793 6815 6854 6866 6997 6999 7000 7009 7032 7043 7075 7077 7088 7099 7112 7118 7124 7126 7159 7167 7172 7196 7210 7231 7248 7262 7283 7285 7293 7311 7398 7420 7451 7461 7498 7551 7595 7600 7601 7618 7677 7726 7764 7772 7805 7806 7820 8351
60 6507 6610 6613 6638 6668 6669 6671 6687 6718 6748 6765 6766 6767 6779 6817 6826 6874 6902 6912 6979 7036 7037 7039 7046 7059 7068 7104 7114 7130 7157 7171 7184 7206 7212 7217 7218 7221 7273 7314 7325 7350 7357 7372 7403 7434 7465 7469 7602 7616 7617 7666 7713 7717 7729 7731 7788 7817 7837 7839 7885
67 6599 6683 6720 6729 6756 6770 6778 6790 6794 6816 6819 6822 6859 6876 6919 6944 6971 6978 7024 7038 7045 7062 7071 7076 7082 7091 7097 7108 7150 7199 7213 7233 7236 7237 7238 7265 7271 7290 7292 7310 7333 7366 7373 7410 7425 7446 7452 7497 7501 7530 7562 7567 7619 7644 7647 7659 7730 7738 7789 7801 7841 7850 7852 7854 7886 7887 8636
59 6781 6785 6791 6796 6844 6857 6864 6868 6869 6889 6910 6922 6966 6985 6990 6994 7022 7061 7078 7105 7117 7122 7131 7188 7195 7242 7247 7258 7267 7276 7307 7353 7363 7365 7378 7428 7433 7437 7447 7476 7504 7535 7548 7565 7594 7658 7669 7683 7687 7711 7746 7770 7791 7804 7843 7861 7899 7907 7917
67 6808 6812 6845 6871 6879 6888 6890 6925 6935 6936 6961 6995 7011 7016 7028 7054 7065 7110 7111 7135 7163 7190 7209 7243 7257 7268 7275 7282 7288 7298 7300 7308 7312 7344 7385 7388 7438 7479 7495 7499 7506 7507 7510 7547 7550 7563 7570 7582 7657 7665 7714 7734 7754 7807 7810 7856 7858 7900 7903 7908 7921 7923 7934 7947 7978 7997 8151
70 6885 6891 6897 6928 6931 6959 6970 6973 6980 6983 7014 7020 7026 7086 7087 7116 7142 7149 7202 7278 7284 7291 7304 7305 7321 7328 7330 7336 7346 7429 7431 7491 7493 7500 7514 7515 7546 7556 7571 7573 7578 7585 7599 7624 7627 7634 7640 7646 7685 7686 7716 7736 7749 7799 7827 7857 7868 7895 7926 7930 7938 7951 7965 7966 7968 7970 8009 8037 8114 8465
64 6933 6950 6956 6982 6992 7006 7015 7042 7060 7109 7120 7144 7147 7151 7158 7185 7227 7240 7316 7334 7340 7345 7352 7355 7370 7377 7400 7404 7432 7443 7459 7532 7557 7558 7564 7591 7615 7628 7632 7635 7684 7710 7732 7762 7780 7786 7797 7818 7862 7892 7897 7902 7933 7972 7991 8002 8011 8024 8060 8061 8062 8068 8096 8307
63 6975 7030 7031 7047 7084 7115 7161 7173 7176 7177 7180 7191 7201 7203 7239 7296 7299 7317 7347 7349 7374 7387 7390 7407 7419 7423 7450 7509 7549 7554 7586 7587 7588 7620 7622 7626 7630 7656 7673 7783 7814 7819 7821 7825 7826 7904 7905 7945 7956 7967 8018 8032 8070 8077 8092 8105 8110 8132 8167 8180 8265 8385 9346
62 7080 7096 7132 7148 7175 7183 7219 7230 7232 7244 7249 7253 7259 7279 7327 7338 7356 7361 7369 7393 7401 7409 7455 7466 7503 7525 7531 7560 7589 7612 7623 7676 7681 7692 7733 7779 7808 7813 7823 7832 7874 7879 7913 7920 7940 7954 7963 7977 7987 7998 8010 8043 8045 8081 8084 8164 8187 8195 8216 8225 8314 8443
63 7136 7179 7186 7205 7216 7222 7286 7295 7323 7329 7351 7359 7375 7379 7381 7392 7405 7415 7462 7472 7473 7484 7522 7536 7596 7645 7651 7663 7682 7696 7700 7701 7702 7725 7737 7750 7758 7763 7778 7829 7834 7848 7943 7959 7964 7971 8014 8021 8030 8058 8075 8100 8117 8146 8165 8174 8228 8236 8240 8268 8360 8387 8618
63 7138 7229 7235 7245 7251 7309 7331 7367 7383 7384 7397 7406 7408 7412 7436 7441 7468 7483 7489 7513 7580 7597 7610 7661 7706 7712 7739 7740 7757 7792 7795 7803 7831 7836 7881 7888 7889 7898 7961 7999 8016 8048 8054 8059 8065 8079 8088 8101 8104 8112 8160 8192 8197 8218 8244 8270 8272 8290 8298 8317 8395 8470 8548
65 7256 7277 7297 7313 7324 7335 7358 7380 7394 7416 7430 7442 7449 7464 7467 7482 7526 7541 7561 7572 7592 7598 7614 7629 7664 7672 7680 7753 7785 7809 7816 7844 7853 7859 7860 7882 7909 7912 7932 7975 7994 8028 8056 8064 8069 8071 8086 8091 8102 8126 8127 8136 8179 8202 8219 8305 8353 8363 8374 8409 8416 8479 8629 8670 9860
65 7318 7320 7337 7343 7395 7402 7421 7458 7475 7485 7488 7528 7538 7605 7607 7660 7670 7671 7693 7703 7709 7727 7761 7766 7767 7776 7830 7873 7884 7893 7919 7924 7962 8023 8029 8031 8034 8041 8082 8087 8098 8113 8156 8157 8163 8169 8173 8188 8203 8241 8243 8247 8275 8343 8376 8402 8412 8501 8514 8539 8583 8596 8631 8694 8964
65 7382 7427 7439 7448 7481 7487 7496 7516 7519 7543 7575 7581 7621 7637 7650 7675 7691 7743 7745 7748 7765 7771 7802 7811 7824 7838 7846 7877 7941 7948 7953 8007 8035 8051 8095 8107 8116 8119 8133 8135 8138 8161 8181 8198 8199 8208 8209 8212 8229 8252 8287 8302 8306 8323 8393 8484 8487 8522 8574 8589 8619 8640 8715 8753 9556
65 7418 7494 7511 7529 7539 7552 7566 7579 7603 7611 7625 7667 7668 7679 7715 7751 7755 7768 7777 7784 7812 7815 7835 7847 7863 7906 7939 7949 7973 7989 8015 8038 8066 8109 8124 8129 8139 8140 8148 8155 8158 8171 8186 8230 8233 8280 8300 8301 8308 8312 8326 8382 8408 8433 8485 8510 8516 8533 8542 8585 8682 8683 8743 8771 9163
67 7426 7545 7569 7574 7606 7613 7636 7648 7699 7707 7719 7721 7723 7769 7773 7790 7800 7869 7875 7876 7891 7925 7928 7935 7942 7950 8008 8020 8094 8115 8137 8149 8168 8175 8190 8196 8200 8210 8217 8221 8259 8269 8271 8303 8304 8340 8342 8344 8354 8357 8388 8405 8411 8515 8520 8527 8535 8555 8559 8582 8658 8731 8744 8768 8770 8799 9438
65 7576 7633 7638 7639 7689 7694 7695 7698 7724 7728 7742 7752 7840 7845 7866 7870 7872 7916 7927 7955 7958 7983 7990 8013 8047 8089 8106 8142 8185 8189 8223 8226 8242 8254 8276 8283 8288 8291 8295 8313 8321 8359 8361 8380 8427 8428 8430 8449 8456 8554 8556 8567 8606 8637 8660 8695 8708 8749 8750 8774 8776 8784 8805 8945 9558
63 7584 7609 7642 7643 7662 7708 7720 7744 7798 7842 7864 7865 7878 7880 7896 7910 7915 7931 7981 7993 8004 8025 8122 8144 8145 8191 8231 8248 8255 8279 8310 8319 8329 8331 8333 8336 8367 8379 8396 8397 8403 8419 8429 8444 8451 8457 8467 8473 8474 8557 8576 8632 8633 8672 8685 8712 8782 8792 8810 8816 8819 8879 9018
64 7653 7674 7704 7760 7782 7787 7794 7867 7883 7890 7894 7944 7952 7960 7974 7976 7980 7988 8000 8001 8005 8040 8042 8055 8067 8159 8206 8222 8278 8284 8334 8338 8341 8355 8362 8370 8373 8401 8414 8420 8425 8452 8459 8491 8496 8508 8521 8531 8600 8622 8626 8647 8648 8690 8729 8736 8823 8830 8880 8887 8898 8932 9109 9138
67 7678 7735 7781 7793 7871 7918 7922 7957 7969 7985 7986 8006 8012 8022 8027 8036 8076 8123 8131 8147 8150 8153 8211 8213 8214 8215 8245 8260 8294 8296 8332 8337 8348 8378 8384 8422 8436 8461 8480 8495 8519 8524 8525 8529 8537 8563 8570 8580 8612 8635 8643 8664 8706 8738 8742 8747 8763 8779 8891 8893 8895 8916 8918 8928 8941 9212 9307
63 7822 7828 7855 7929 7937 7946 7979 7982 7992 8003 8026 8046 8050 8093 8111 8154 8178 8182 8224 8235 8238 8249 8251 8253 8258 8318 8335 8345 8350 8352 8371 8390 8426 8475 8490 8497 8498 8534 8571 8587 8608 8656 8662 8674 8676 8684 8703 8716 8719 8735 8739 8748 8772 8777 8803 8935 8953 8959 8978 9003 9015 9161 9204
59 7833 7851 7901 7984 8017 8044 8049 8052 8053 8063 8072 8108 8176 8201 8204 8239 8256 8262 8263 8264 8274 8309 8325 8330 8347 8369 8413 8435 8446 8476 8489 8550 8560 8578 8599 8614 8667 8671 8692 8704 8705 8720 8767 8785 8788 8789 8802 8809 8836 8845 8955 8979 8986 9001 9045 9071 9188 9192 9343
67 7849 7914 7995 8039 8073 8074 8078 8080 8083 8120 8130 8162 8234 8257 8281 8285 8289 8292 8316 8322 8349 8358 8391 8398 8437 8448 8455 8482 8507 8509 8512 8558 8591 8597 8601 8610 8650 8702 8707 8758 8795 8800 8806 8811 8817 8818 8822 8825 8838 8846 8852 8902 8929 8940 8965 8981 8987 9023 9030 9064 9094 9100 9255 9296 9330 9354 9410
66 8033 8057 8085 8090 8118 8121 8125 8134 8143 8166 8193 8237 8250 8266 8293 8320 8328 8365 8377 8381 8418 8458 8466 8483 8505 8511 8536 8538 8552 8605 8621 8630 8675 8688 8713 8732 8757 8764 8773 8804 8827 8839 8853 8856 8863 8868 8881 8888 8905 8922 8923 8962 8985 8994 9004 9022 9025 9080 9113 9134 9152 9349 9358 9404 9418 9510
61 8097 8099 8103 8128 8152 8170 8183 8261 8273 8277 8327 8368 8375 8389 8410 8417 8423 8441 8460 8463 8499 8528 8562 8573 8604 8611 8616 8639 8686 8691 8722 8752 8759 8837 8843 8847 8866 8869 8900 8921 8930 8951 8973 8998 9009 9013 9020 9026 9028 9032 9041 9082 9099 9143 9164 9293 9383 9388 9423 9452 9481
68 8141 8172 8177 8184 8205 8207 8227 8282 8297 8324 8339 8421 8438 8439 8442 8445 8454 8462 8469 8477 8486 8488 8493 8518 8532 8577 8617 8659 8661 8665 8666 8721 8755 8761 8762 8780 8796 8860 8867 8908 8942 8947 8982 8984 8996 9000 9034 9036 9048 9061 9062 9063 9065 9069 9074 9101 9112 9124 9148 9170 9353 9422 9431 9444 9505 9527 9544 9577
61 8220 8246 8267 8286 8346 8356 8432 8464 8471 8478 8494 8500 8506 8517 8526 8581 8588 8593 8602 8623 8628 8677 8769 8775 8787 8807 8842 8871 8882 8901 8960 8972 8997 9005 9011 9016 9017 9070 9083 9085 9086 9102 9108 9132 9167 9176 9181 9193 9201 9208 9244 9285 9320 9398 9463 9474 9555 9580 9607 9643 9700
65 8299 8315 8364 8366 8386 8399 8400 8481 8530 8541 8549 8553 8564 8569 8572 8603 8620 8627 8638 8641 8652 8655 8668 8689 8728 8734 8801 8813 8814 8821 8855 8859 8883 8926 8975 8999 9021 9040 9046 9066 9088 9105 9114 9125 9137 9142 9146 9171 9195 9198 9205 9221 9225 9253 9277 9335 9342 9347 9535 9542 9573 9615 9645 9650 9741
66 8372 8383 8394 8404 8415 8431 8503 8540 8543 8547 8565 8575 8594 8609 8634 8642 8645 8673 8679 8680 8700 8760 8794 8808 8815 8824 8826 8844 8857 8861 8864 8878 8886 8990 9002 9024 9047 9077 9103 9140 9144 9162 9199 9206 9210 9226 9234 9245 9259 9265 9269 9291 9318 9374 9476 9517 9563 9579 9586 9687 9723 9724 9748 9770 9799 9941
63 8406 8407 8424 8434 8440 8447 8513 8584 8586 8615 8624 8646 8649 8687 8718 8723 8737 8741 8783 8798 8812 8832 8840 8862 8877 8892 8899 8907 8915 8925 8956 9008 9050 9060 9081 9091 9098 9122 9156 9174 9214 9230 9237 9271 9275 9298 9301 9305 9306 9331 9348 9377 9450 9523 9557 9572 9642 9698 9731 9768 9782 9786 9827
64 8450 8453 8468 8472 8492 8523 8566 8590 8613 8651 8663 8681 8701 8711 8726 8727 8754 8791 8793 8834 8876 8889 8894 8917 8931 8938 8939 8963 9007 9010 9072 9118 9119 9169 9197 9209 9239 9262 9266 9294 9295 9313 9319 9333 9341 9357 9364 9379 9399 9508 9524 9576 9613 9620 9679 9705 9765 9767 9802 9829 9837 9838 9847 9914
67 8502 8504 8544 8545 8546 8568 8579 8592 8625 8657 8693 8697 8699 8714 8746 8756 8765 8778 8790 8820 8828 8831 8848 8874 8904 8912 8943 8944 8967 8976 8989 9012 9029 9035 9068 9135 9160 9177 9196 9222 9232 9252 9264 9276 9297 9316 9337 9345 9369 9373 9386 9401 9402 9432 9433 9472 9486 9503 9582 9637 9759 9774 9828 9841 9866 9882 9918
64 8551 8561 8598 8607 8654 8678 8710 8717 8733 8745 8751 8766 8829 8833 8865 8873 8897 8911 8914 8920 8974 8988 8993 9043 9051 9057 9092 9158 9179 9185 9207 9217 9250 9283 9290 9292 9299 9323 9355 9396 9405 9429 9449 9465 9468 9471 9479 9493 9496 9514 9539 9602 9610 9633 9710 9778 9863 9869 9873 9894 9932 9958 9969 9982
57 8595 8644 8653 8698 8740 8781 8797 8841 8872 8884 8890 8906 8910 8913 8924 8933 9006 9044 9056 9067 9087 9089 9090 9116 9178 9187 9228 9233 9256 9279 9312 9325 9326 9387 9389 9409 9419 9473 9480 9487 9511 9512 9516 9519 9536 9550 9631 9661 9667 9713 9788 9900 9904 9916 9968 9991 9995
57 8669 8709 8730 8786 8835 8875 8885 8927 8936 8937 8954 8957 8958 8968 8991 9059 9078 9084 9093 9110 9126 9127 9173 9216 9218 9247 9261 9278 9280 9311 9344 9381 9400 9411 9421 9426 9509 9518 9521 9530 9532 9541 9569 9574 9578 9603 9608 9638 9652 9686 9766 9805 9905 9912 9927 9947 9971
57 8724 8849 8850 8851 8870 8903 8919 8934 8949 8950 8966 8970 8992 9027 9055 9096 9097 9107 9121 9133 9149 9153 9186 9203 9231 9249 9267 9287 9300 9303 9334 9359 9367 9390 9424 9427 9430 9448 9469 9513 9525 9528 9534 9551 9566 9597 9605 9623 9657 9680 9691 9715 9819 9934 9950 9962 9987
55 8725 8854 8896 8948 8952 8969 8977 9019 9033 9042 9052 9076 9139 9147 9165 9172 9182 9183 9220 9240 9254 9260 9274 9281 9309 9327 9332 9365 9370 9372 9414 9434 9453 9455 9483 9507 9553 9560 9564 9567 9570 9595 9611 9614 9626 9639 9649 9656 9663 9682 9722 9813 9865 9878 9953
58 8858 8946 8961 8971 8980 8995 9037 9039 9073 9079 9095 9115 9184 9200 9235 9270 9272 9289 9308 9310 9314 9317 9338 9363 9368 9412 9458 9464 9466 9490 9501 9547 9552 9587 9588 9596 9598 9609 9624 9630 9641 9644 9647 9676 9684 9693 9701 9711 9744 9746 9749 9775 9789 9834 9840 9849 9886 9978
55 8983 9014 9031 9049 9075 9104 9117 9120 9123 9128 9129 9130 9190 9223 9229 9238 9241 9302 9315 9324 9329 9339 9375 9376 9420 9482 9497 9502 9545 9616 9617 9618 9651 9653 9659 9666 9671 9673 9674 9706 9717 9726 9730 9758 9779 9801 9843 9859 9879 9881 9903 9924 9945 9948 9977
47 9038 9053 9054 9131 9136 9150 9175 9202 9219 9242 9251 9258 9268 9350 9356 9362 9380 9393 9415 9436 9437 9500 9526 9529 9548 9628 9654 9664 9668 9672 9681 9683 9707 9709 9712 9716 9734 9776 9783 9796 9807 9823 9846 9875 9911 9926 9965
46 9058 9106 9141 9155 9157 9224 9227 9236 9263 9286 9304 9391 9394 9395 9406 9425 9439 9442 9451 9461 9562 9575 9593 9655 9677 9689 9694 9703 9704 9729 9736 9757 9794 9810 9830 9852 9867 9896 9897 9901 9920 9928 9938 9944 9946 9972
43 9111 9151 9166 9194 9248 9273 9322 9352 9366 9378 9382 9384 9397 9407 9416 9456 9457 9467 9491 9495 9499 9531 9634 9658 9660 9720 9728 9739 9750 9763 9769 9792 9800 9824 9845 9876 9877 9893 9922 9929 9935 9981 9985
38 9145 9168 9211 9213 9257 9288 9336 9385 9408 9428 9454 9462 9477 9484 9485 9489 9533 9554 9583 9690 9733 9737 9760 9771 9780 9793 9809 9821 9833 9844 9862 9902 9923 9931 9959 9996 9998 9999
29 9159 9180 9243 9246 9360 9361 9417 9440 9459 9492 9494 9504 9520 9537 9540 9546 9565 9599 9619 9753 9762 9808 9812 9835 9855 9857 9871 9906 9919
28 9189 9215 9282 9328 9441 9445 9470 9506 9515 9549 9559 9568 9571 9585 9622 9629 9648 9675 9725 9781 9798 9815 9818 9839 9908 9917 9964 9983
28 9191 9284 9340 9371 9435 9460 9522 9561 9584 9590 9592 9621 9625 9640 9665 9669 9708 9745 9795 9842 9851 9853 9883 9910 9921 9952 9973 9993
27 9321 9351 9443 9446 9447 9498 9589 9591 9606 9612 9627 9632 9678 9719 9721 9754 9790 9848 9854 9864 9870 9885 9889 9939 9970 9976 9979
21 9392 9475 9488 9538 9594 9601 9635 9636 9702 9732 9735 9752 9761 9777 9803 9825 9880 9892 9898 9949 9994
18 9413 9543 9646 9685 9695 9699 9743 9751 9755 9772 9773 9811 9817 9831 9899 9909 9936 9954
20 9581 9662 9688 9718 9727 9747 9756 9785 9804 9806 9816 9836 9856 9907 9915 9943 9955 9975 9986 9989
15 9670 9692 9714 9740 9764 9787 9791 9797 9850 9874 9884 9937 9961 9974 9990
14 9696 9738 9742 9814 9820 9826 9868 9887 9891 9930 9940 9963 9967 9980
10 9822 9832 9858 9861 9913 9933 9942 9951 9956 9966
8 9872 9888 9890 9957 9960 9984 9988 9992
1 9925
0
0
0
0
0
0
0
0
0
0
0
0
0
0
0
0
0
0
0
0
0
0
0
0
0
0
0
0
0
0
0
0
0
0
0
0
0
0
0
0
0
0
0
0
0
0
0
0
0
0
0
0
0
0
0
0
0
0
0
0
0
0
0
0
0
0
0
0
0
0
0
0
0
0
0
0
0
0
0
0
0
0
0
0
0
0
0
0
0
0
0
0
0
0
0
0
0
0
0
0
0
0
0
0
0
0
0
0
0
0
0
0
0
0
0
0
0
0
0
0
0
0
0
0
0
0
0
0
0
0
0
0
0
0
0
0
0
0
0
0
0
0
0
0
0
0
0
0
0
0
0
0
0
0
0
0
0
0
0
0
0
0
0
0
0
0
0
0
0
0
0
0
0
0
0
0
0
0
0
0
0
0
0
0
0
0
