11 0 249 38 79 245 241 121 25 201 112 149
13 167 296 259 156 28 236 22 160 131 67 126 272 151
13 180 85 137 200 232 174 111 269 48 196 47 135 293
16 216 212 218 18 96 202 268 191 207 76 16 182 43 279 178 274
13 65 41 159 227 125 21 284 282 140 138 205 154 130
13 36 116 260 285 277 128 146 195 89 119 106 256 208
16 54 80 246 203 290 188 244 11 93 283 20 51 242 37 189 173
14 33 75 225 57 63 204 3 170 190 90 98 223 240 247
16 179 88 276 105 60 32 230 217 271 235 5 145 297 229 94 183
0
0
0
0
0
0
0
0
0
0
0
0
0
0
0
0
0
0
0
0
0
0
0
0
0
0
0
0
0
0
0
0
0
0
0
0
0
0
0
0
0
0
0
0
0
0
0
0
0
0
0
0
0
0
0
0
0
0
0
0
0
0
0
0
0
0
0
0
0
0
0
0
0
0
0
0
0
0
0
0
0
0
0
0
0
0
0
0
0
0
0
