1 9976
1 9913
1 9847
1 9752
1 9707
1 9619
1 9563
1 9514
0
1 9409
1 9393
1 9325
1 9313
1 9305
0
1 9140
1 9084
1 9003
1 8950
1 8890
1 8878
1 8773
1 8731
1 8708
1 8670
1 8640
1 8518
1 8477
1 8329
1 8310
1 8292
1 8175
1 7965
1 7956
0
1 7928
1 7861
1 7657
1 7561
1 7499
1 7475
1 7463
1 7429
1 7399
0
1 7109
1 7070
1 7013
1 6901
1 6831
1 6822
1 6815
1 6807
1 6783
1 6706
1 6689
1 6670
1 6541
1 6466
1 6412
1 6403
1 6381
1 6277
1 6263
1 6252
1 6031
1 6002
1 5970
1 5934
1 5868
1 5769
1 5717
1 5693
1 5497
1 5445
1 5440
1 5335
1 5324
1 5300
1 5299
1 5235
1 5192
0
1 5018
1 4948
1 4839
1 4758
1 4742
1 4679
1 4601
1 4525
1 4494
1 4435
1 4379
1 4377
1 4309
1 4094
1 4090
1 4078
1 4071
1 4059
1 4008
1 3869
1 3817
1 3696
1 3629
1 3607
1 3580
1 3549
1 3442
1 3307
1 3253
1 3167
1 3156
1 3090
1 3055
1 2949
1 2920
1 2917
1 2883
1 2735
1 2720
1 2695
0
1 2571
1 2519
1 2465
1 2432
1 2384
1 2356
1 2247
1 2135
1 2015
0
1 1992
1 1867
1 1757
1 1560
1 1543
1 1515
1 1335
1 1315
1 1305
1 1273
1 1209
1 1178
1 1138
1 1105
1 1097
1 1066
1 769
1 768
1 719
1 713
1 700
1 677
1 672
1 606
1 568
1 563
1 549
1 474
1 423
1 311
1 303
0
1 187
1 88
1 84
0
0
0
0
0
0
0
0
0
0
0
0
0
0
0
0
0
0
0
0
0
0
0
0
0
0
0
0
0
0
0
0
0
0
0
0
0
0
0
0
0
0
0
0
0
0
0
0
0
0
0
0
0
0
0
0
0
0
0
0
0
0
0
0
0
0
0
0
0
0
0
0
0
0
0
0
0
0
0
0
0
0
0
0
0
0
0
0
0
0
0
0
0
0
0
0
0
0
0
0
0
0
0
0
0
0
0
0
0
0
0
0
0
0
0
0
0
0
0
0
0
0
0
0
0
0
0
0
0
0
0
0
0
0
0
0
0
0
0
0
0
0
0
0
0
0
0
0
0
0
0
0
0
0
0
0
0
0
0
0
0
0
0
0
0
0
0
0
0
0
0
0
0
0
0
0
0
0
0
0
0
0
0
0
0
0
0
0
0
0
0
0
0
0
0
0
0
0
0
0
0
0
0
0
0
0
0
0
0
0
0
0
0
0
0
0
0
0
0
0
0
0
0
0
0
0
0
0
0
0
